iter: 23
time: 0.255641
MSE: 14.4468
r_error: 9.40586
t_error: 29.9951
