iter: 102
time: 39.5827
MSE: 0.271343
r_error: 20.848
t_error: 7.20749
