iter: 33
time: 0.333895
MSE: 14.4462
r_error: 9.50523
t_error: 29.8562
