iter: 139
time: 47.1741
MSE: 0.0102556
r_error: 17.6116
t_error: 6.89916
