iter: 132
time: 46.2394
MSE: 0.0876612
r_error: 21.7831
t_error: 7.82403
