iter: 103
time: 33.4133
MSE: 0.00354314
r_error: 6.78443
t_error: 1.10636
