iter: 28
time: 0.308708
MSE: 14.4468
r_error: 9.30544
t_error: 30.0871
