iter: 109
time: 36.7069
MSE: 0.0820526
r_error: 23.4955
t_error: 7.88392
