iter: 36
time: 0.37023
MSE: 115.777
r_error: 8.05169
t_error: 36.5818
