iter: 30
time: 0.333382
MSE: 14.4704
r_error: 9.37836
t_error: 29.7616
