iter: 34
time: 0.378374
MSE: 15.1594
r_error: 9.30037
t_error: 29.9236
