iter: 375
time: 146.521
MSE: 0.0480606
r_error: 31.4043
t_error: 8.43573
