iter: 38
time: 0.386907
MSE: 116.785
r_error: 8.17039
t_error: 36.5703
