iter: 47
time: 0.492684
MSE: 115.876
r_error: 8.12494
t_error: 36.4694
