iter: 47
time: 0.460035
MSE: 115.779
r_error: 8.45712
t_error: 36.6667
