iter: 19
time: 0.251586
MSE: 7.20665
r_error: 1.55872
t_error: 1.41798
