iter: 22
time: 0.293366
MSE: 7.20658
r_error: 1.65682
t_error: 7.59378
