iter: 104
time: 1.54314
MSE: 1.67726e-07
r_error: 12.0567
t_error: 31.3671
