iter: 26
time: 0.37822
MSE: 7.20661
r_error: 16.621
t_error: 19.9379
