iter: 30
time: 0.419888
MSE: 1.05461e-08
r_error: 0.181308
t_error: 1.02054
