iter: 28
time: 0.42386
MSE: 7.20665
r_error: 20.6847
t_error: 38.0652
