iter: 30
time: 0.46121
MSE: 5.8861e-09
r_error: 1.27165
t_error: 7.24762
