iter: 51
time: 0.733307
MSE: 0.964213
r_error: 1.34639
t_error: 16.4488
