iter: 90
time: 1.39321
MSE: 3.40082e-08
r_error: 11.3987
t_error: 41.7533
